0.012753562 0.100087239583 0.0 0.0 0.0 0.0 0.0 1.0
0.022054920 0.1001953125 0.0 0.0 0.0 0.0 0.0 1.0
0.032467413 0.100364583333 0.0 0.0 0.0 0.0 0.0 1.0
0.042844937 0.100584635417 0.0 0.0 0.0 0.0 0.0 1.0
0.052323929 0.100830729167 0.0 0.0 0.0 0.0 0.0 1.0
0.062811921 0.101154947917 0.0 0.0 0.0 0.0 0.0 1.0
0.072207973 0.101493489583 0.0 0.0 0.0 0.0 0.0 1.0
0.082699829 0.10191796875 0.0 0.0 0.0 0.0 0.0 1.0
0.092200398 0.102350260417 0.0 0.0 0.0 0.0 0.0 1.0
0.102608357 0.102873697917 0.0 0.0 0.0 0.0 0.0 1.0
0.111878651 0.103385416667 0.0 0.0 0.0 0.0 0.0 1.0
0.122316680 0.1040078125 0.0 0.0 0.0 0.0 0.0 1.0
0.132764387 0.104684895833 0.0 0.0 0.0 0.0 0.0 1.0
0.142058054 0.10533984375 0.0 0.0 0.0 0.0 0.0 1.0
0.152488644 0.106111979167 0.0 0.0 0.0 0.0 0.0 1.0
0.162986982 0.1069453125 0.0 0.0 0.0 0.0 0.0 1.0
0.172390134 0.107740885417 0.0 0.0 0.0 0.0 0.0 1.0
0.182881019 0.108670572917 0.0 0.0 0.0 0.0 0.0 1.0
0.192432209 0.10957421875 0.0 0.0 0.0 0.0 0.0 1.0
0.202725014 0.110598958333 0.0 0.0 0.0 0.0 0.0 1.0
0.212141756 0.11156640625 0.0 0.0 0.0 0.0 0.0 1.0
0.222433774 0.112690104167 0.0 0.0 0.0 0.0 0.0 1.0
0.232893322 0.113868489583 0.0 0.0 0.0 0.0 0.0 1.0
0.242463774 0.11498046875 0.0 0.0 0.0 0.0 0.0 1.0
0.252931465 0.116287760417 0.0 0.0 0.0 0.0 0.0 1.0
0.262329049 0.1174921875 0.0 0.0 0.0 0.0 0.0 1.0
0.272681248 0.11887109375 0.0 0.0 0.0 0.0 0.0 1.0
0.282087396 0.1201640625 0.0 0.0 0.0 0.0 0.0 1.0
0.292534133 0.12166015625 0.0 0.0 0.0 0.0 0.0 1.0
0.301907303 0.123028645833 0.0 0.0 0.0 0.0 0.0 1.0
0.312253884 0.124606770833 0.0 0.0 0.0 0.0 0.0 1.0
0.322673050 0.12623828125 0.0 0.0 0.0 0.0 0.0 1.0
0.332072024 0.127759114583 0.0 0.0 0.0 0.0 0.0 1.0
0.342482366 0.129447916667 0.0 0.0 0.0 0.0 0.0 1.0
0.352923994 0.13114453125 0.0 0.0 0.0 0.0 0.0 1.0
0.362353253 0.1326796875 0.0 0.0 0.0 0.0 0.0 1.0
0.372763871 0.134372395833 0.0 0.0 0.0 0.0 0.0 1.0
0.382152259 0.135903645833 0.0 0.0 0.0 0.0 0.0 1.0
0.392643994 0.137614583333 0.0 0.0 0.0 0.0 0.0 1.0
0.402085009 0.1391484375 0.0 0.0 0.0 0.0 0.0 1.0
0.412451514 0.140837239583 0.0 0.0 0.0 0.0 0.0 1.0
0.422859732 0.142524739583 0.0 0.0 0.0 0.0 0.0 1.0
0.432206582 0.144053385417 0.0 0.0 0.0 0.0 0.0 1.0
0.442563920 0.145743489583 0.0 0.0 0.0 0.0 0.0 1.0
0.451911131 0.147256510417 0.0 0.0 0.0 0.0 0.0 1.0
0.462443664 0.14894140625 0.0 0.0 0.0 0.0 0.0 1.0
0.472873617 0.15066015625 0.0 0.0 0.0 0.0 0.0 1.0
0.482276378 0.15219921875 0.0 0.0 0.0 0.0 0.0 1.0
0.492798049 0.15390234375 0.0 0.0 0.0 0.0 0.0 1.0
0.502195747 0.155430989583 0.0 0.0 0.0 0.0 0.0 1.0
0.512608766 0.157126302083 0.0 0.0 0.0 0.0 0.0 1.0
0.521840577 0.158639322917 0.0 0.0 0.0 0.0 0.0 1.0
0.532214994 0.160321614583 0.0 0.0 0.0 0.0 0.0 1.0
0.542575171 0.162006510417 0.0 0.0 0.0 0.0 0.0 1.0
0.551814843 0.163515625 0.0 0.0 0.0 0.0 0.0 1.0
0.562263246 0.165204427083 0.0 0.0 0.0 0.0 0.0 1.0
0.572650393 0.1668984375 0.0 0.0 0.0 0.0 0.0 1.0
0.582056659 0.1684296875 0.0 0.0 0.0 0.0 0.0 1.0
0.592611814 0.170140625 0.0 0.0 0.0 0.0 0.0 1.0
0.602033020 0.171674479167 0.0 0.0 0.0 0.0 0.0 1.0
0.612367419 0.17336328125 0.0 0.0 0.0 0.0 0.0 1.0
0.622701742 0.175045572917 0.0 0.0 0.0 0.0 0.0 1.0
0.632141079 0.176575520833 0.0 0.0 0.0 0.0 0.0 1.0
0.642502341 0.17826171875 0.0 0.0 0.0 0.0 0.0 1.0
0.652930624 0.17994921875 0.0 0.0 0.0 0.0 0.0 1.0
0.662258935 0.18148046875 0.0 0.0 0.0 0.0 0.0 1.0
0.672706445 0.183171875 0.0 0.0 0.0 0.0 0.0 1.0
0.682116140 0.184703125 0.0 0.0 0.0 0.0 0.0 1.0
0.692629710 0.18641015625 0.0 0.0 0.0 0.0 0.0 1.0
0.701881596 0.187919270833 0.0 0.0 0.0 0.0 0.0 1.0
0.712236978 0.189606770833 0.0 0.0 0.0 0.0 0.0 1.0
0.722671877 0.19130078125 0.0 0.0 0.0 0.0 0.0 1.0
0.732108137 0.192834635417 0.0 0.0 0.0 0.0 0.0 1.0
0.742449248 0.194526041667 0.0 0.0 0.0 0.0 0.0 1.0
0.752822535 0.1962109375 0.0 0.0 0.0 0.0 0.0 1.0
0.762233603 0.197736979167 0.0 0.0 0.0 0.0 0.0 1.0
0.772650296 0.19943359375 0.0 0.0 0.0 0.0 0.0 1.0
0.782012535 0.200963541667 0.0 0.0 0.0 0.0 0.0 1.0
0.792597115 0.20268359375 0.0 0.0 0.0 0.0 0.0 1.0
0.802043488 0.204203125 0.0 0.0 0.0 0.0 0.0 1.0
0.812380760 0.205891927083 0.0 0.0 0.0 0.0 0.0 1.0
0.822738218 0.207579427083 0.0 0.0 0.0 0.0 0.0 1.0
0.832183034 0.209118489583 0.0 0.0 0.0 0.0 0.0 1.0
0.842551034 0.210807291667 0.0 0.0 0.0 0.0 0.0 1.0
0.851889729 0.212326822917 0.0 0.0 0.0 0.0 0.0 1.0
0.862278752 0.214016927083 0.0 0.0 0.0 0.0 0.0 1.0
0.872750434 0.2157109375 0.0 0.0 0.0 0.0 0.0 1.0
0.882047963 0.217235677083 0.0 0.0 0.0 0.0 0.0 1.0
0.892616068 0.21894921875 0.0 0.0 0.0 0.0 0.0 1.0
0.902111838 0.220486979167 0.0 0.0 0.0 0.0 0.0 1.0
0.912429915 0.222173177083 0.0 0.0 0.0 0.0 0.0 1.0
0.922845506 0.223860677083 0.0 0.0 0.0 0.0 0.0 1.0
0.932297357 0.225399739583 0.0 0.0 0.0 0.0 0.0 1.0
0.942742287 0.22709765625 0.0 0.0 0.0 0.0 0.0 1.0
0.952083842 0.228625 0.0 0.0 0.0 0.0 0.0 1.0
0.962452272 0.230321614583 0.0 0.0 0.0 0.0 0.0 1.0
0.972888683 0.232001302083 0.0 0.0 0.0 0.0 0.0 1.0
0.982282586 0.233537760417 0.0 0.0 0.0 0.0 0.0 1.0
0.992863733 0.235244791667 0.0 0.0 0.0 0.0 0.0 1.0
1.002289730 0.236782552083 0.0 0.0 0.0 0.0 0.0 1.0
1.012589897 0.238473958333 0.0 0.0 0.0 0.0 0.0 1.0
1.021938958 0.23998828125 0.0 0.0 0.0 0.0 0.0 1.0
1.032390013 0.241684895833 0.0 0.0 0.0 0.0 0.0 1.0
1.042746583 0.243373697917 0.0 0.0 0.0 0.0 0.0 1.0
1.052145961 0.244901041667 0.0 0.0 0.0 0.0 0.0 1.0
1.062469462 0.2465859375 0.0 0.0 0.0 0.0 0.0 1.0
1.072849395 0.248274739583 0.0 0.0 0.0 0.0 0.0 1.0
1.082304932 0.249796875 0.0 0.0 0.0 0.0 0.0 1.0
1.092689449 0.251510416667 0.0 0.0 0.0 0.0 0.0 1.0
1.102125150 0.253032552083 0.0 0.0 0.0 0.0 0.0 1.0
1.112454747 0.254717447917 0.0 0.0 0.0 0.0 0.0 1.0
1.122872938 0.25640625 0.0 0.0 0.0 0.0 0.0 1.0
1.132290718 0.257936197917 0.0 0.0 0.0 0.0 0.0 1.0
1.142681604 0.25962890625 0.0 0.0 0.0 0.0 0.0 1.0
1.152034000 0.261162760417 0.0 0.0 0.0 0.0 0.0 1.0
1.162483873 0.262856770833 0.0 0.0 0.0 0.0 0.0 1.0
1.172869721 0.264541666667 0.0 0.0 0.0 0.0 0.0 1.0
1.182296701 0.266071614583 0.0 0.0 0.0 0.0 0.0 1.0
1.192843055 0.267783854167 0.0 0.0 0.0 0.0 0.0 1.0
1.202232522 0.269313802083 0.0 0.0 0.0 0.0 0.0 1.0
1.212627813 0.2710078125 0.0 0.0 0.0 0.0 0.0 1.0
1.222097713 0.272544270833 0.0 0.0 0.0 0.0 0.0 1.0
1.232497921 0.274240885417 0.0 0.0 0.0 0.0 0.0 1.0
1.242862559 0.275936197917 0.0 0.0 0.0 0.0 0.0 1.0
1.252341272 0.277466145833 0.0 0.0 0.0 0.0 0.0 1.0
1.262789021 0.279165364583 0.0 0.0 0.0 0.0 0.0 1.0
1.272218558 0.280703125 0.0 0.0 0.0 0.0 0.0 1.0
1.282590415 0.28239453125 0.0 0.0 0.0 0.0 0.0 1.0
1.292141219 0.283940104167 0.0 0.0 0.0 0.0 0.0 1.0
1.302638156 0.28564453125 0.0 0.0 0.0 0.0 0.0 1.0
1.311941677 0.287171875 0.0 0.0 0.0 0.0 0.0 1.0
1.322381759 0.288864583333 0.0 0.0 0.0 0.0 0.0 1.0
1.332879980 0.290561197917 0.0 0.0 0.0 0.0 0.0 1.0
1.342414969 0.29209765625 0.0 0.0 0.0 0.0 0.0 1.0
1.352908829 0.29382421875 0.0 0.0 0.0 0.0 0.0 1.0
1.362310923 0.29536328125 0.0 0.0 0.0 0.0 0.0 1.0
1.372741783 0.297059895833 0.0 0.0 0.0 0.0 0.0 1.0
1.382151970 0.29858984375 0.0 0.0 0.0 0.0 0.0 1.0
1.392736559 0.300313802083 0.0 0.0 0.0 0.0 0.0 1.0
1.402181520 0.30184375 0.0 0.0 0.0 0.0 0.0 1.0
1.412501548 0.303532552083 0.0 0.0 0.0 0.0 0.0 1.0
1.422987765 0.30523046875 0.0 0.0 0.0 0.0 0.0 1.0
1.432388942 0.306763020833 0.0 0.0 0.0 0.0 0.0 1.0
1.442868861 0.308454427083 0.0 0.0 0.0 0.0 0.0 1.0
1.452454484 0.31 0.0 0.0 0.0 0.0 0.0 1.0
1.462854557 0.311717447917 0.0 0.0 0.0 0.0 0.0 1.0
1.472248025 0.313247395833 0.0 0.0 0.0 0.0 0.0 1.0
1.482635921 0.314934895833 0.0 0.0 0.0 0.0 0.0 1.0
1.492123529 0.316481770833 0.0 0.0 0.0 0.0 0.0 1.0
1.502530413 0.318169270833 0.0 0.0 0.0 0.0 0.0 1.0
1.511912860 0.31969140625 0.0 0.0 0.0 0.0 0.0 1.0
1.522246975 0.32137890625 0.0 0.0 0.0 0.0 0.0 1.0
1.532700586 0.323078125 0.0 0.0 0.0 0.0 0.0 1.0
1.542123266 0.324611979167 0.0 0.0 0.0 0.0 0.0 1.0
1.552551404 0.326311197917 0.0 0.0 0.0 0.0 0.0 1.0
1.563006035 0.328010416667 0.0 0.0 0.0 0.0 0.0 1.0
1.572419185 0.329537760417 0.0 0.0 0.0 0.0 0.0 1.0
1.582873597 0.331234375 0.0 0.0 0.0 0.0 0.0 1.0
1.592454477 0.33279296875 0.0 0.0 0.0 0.0 0.0 1.0
1.602838571 0.334479166667 0.0 0.0 0.0 0.0 0.0 1.0
1.612220036 0.336015625 0.0 0.0 0.0 0.0 0.0 1.0
1.622601536 0.337703125 0.0 0.0 0.0 0.0 0.0 1.0
1.631799696 0.3392109375 0.0 0.0 0.0 0.0 0.0 1.0
1.642264758 0.340904947917 0.0 0.0 0.0 0.0 0.0 1.0
1.652718280 0.342604166667 0.0 0.0 0.0 0.0 0.0 1.0
1.662070005 0.34412890625 0.0 0.0 0.0 0.0 0.0 1.0
1.672487477 0.345819010417 0.0 0.0 0.0 0.0 0.0 1.0
1.682916303 0.34751171875 0.0 0.0 0.0 0.0 0.0 1.0
1.692489512 0.3490703125 0.0 0.0 0.0 0.0 0.0 1.0
1.702923016 0.350766927083 0.0 0.0 0.0 0.0 0.0 1.0
1.712303980 0.352302083333 0.0 0.0 0.0 0.0 0.0 1.0
1.722671730 0.353983072917 0.0 0.0 0.0 0.0 0.0 1.0
1.732066722 0.355516927083 0.0 0.0 0.0 0.0 0.0 1.0
1.742553430 0.357201822917 0.0 0.0 0.0 0.0 0.0 1.0
1.752908639 0.358901041667 0.0 0.0 0.0 0.0 0.0 1.0
1.762369394 0.360434895833 0.0 0.0 0.0 0.0 0.0 1.0
1.772757598 0.3621328125 0.0 0.0 0.0 0.0 0.0 1.0
1.782171560 0.3636640625 0.0 0.0 0.0 0.0 0.0 1.0
1.792795851 0.365395833333 0.0 0.0 0.0 0.0 0.0 1.0
1.802177078 0.366923177083 0.0 0.0 0.0 0.0 0.0 1.0
1.812557157 0.368608072917 0.0 0.0 0.0 0.0 0.0 1.0
1.821905325 0.370125 0.0 0.0 0.0 0.0 0.0 1.0
1.832287653 0.371819010417 0.0 0.0 0.0 0.0 0.0 1.0
1.842639208 0.373502604167 0.0 0.0 0.0 0.0 0.0 1.0
1.851965654 0.375026041667 0.0 0.0 0.0 0.0 0.0 1.0
1.862380124 0.376717447917 0.0 0.0 0.0 0.0 0.0 1.0
1.872786234 0.37840234375 0.0 0.0 0.0 0.0 0.0 1.0
1.882180365 0.379927083333 0.0 0.0 0.0 0.0 0.0 1.0
1.892747734 0.381647135417 0.0 0.0 0.0 0.0 0.0 1.0
1.902110218 0.383178385417 0.0 0.0 0.0 0.0 0.0 1.0
1.912584752 0.384873697917 0.0 0.0 0.0 0.0 0.0 1.0
1.921916446 0.386395833333 0.0 0.0 0.0 0.0 0.0 1.0
1.932355958 0.388096354167 0.0 0.0 0.0 0.0 0.0 1.0
1.942730246 0.389783854167 0.0 0.0 0.0 0.0 0.0 1.0
1.952148992 0.3913125 0.0 0.0 0.0 0.0 0.0 1.0
1.962527662 0.393005208333 0.0 0.0 0.0 0.0 0.0 1.0
1.972932390 0.394696614583 0.0 0.0 0.0 0.0 0.0 1.0
1.982356032 0.39623046875 0.0 0.0 0.0 0.0 0.0 1.0
1.992864516 0.39794140625 0.0 0.0 0.0 0.0 0.0 1.0
2.002536395 0.399505208333 0.0 0.0 0.0 0.0 0.0 1.0
2.012963396 0.40120703125 0.0 0.0 0.0 0.0 0.0 1.0
2.022375611 0.402743489583 0.0 0.0 0.0 0.0 0.0 1.0
2.032695504 0.404430989583 0.0 0.0 0.0 0.0 0.0 1.0
2.042092776 0.405947916667 0.0 0.0 0.0 0.0 0.0 1.0
2.052501807 0.40764453125 0.0 0.0 0.0 0.0 0.0 1.0
2.062928669 0.409337239583 0.0 0.0 0.0 0.0 0.0 1.0
2.072258586 0.410864583333 0.0 0.0 0.0 0.0 0.0 1.0
2.082714697 0.41255859375 0.0 0.0 0.0 0.0 0.0 1.0
2.092251519 0.414111979167 0.0 0.0 0.0 0.0 0.0 1.0
2.102656858 0.41580078125 0.0 0.0 0.0 0.0 0.0 1.0
2.112019283 0.417329427083 0.0 0.0 0.0 0.0 0.0 1.0
2.122414732 0.419018229167 0.0 0.0 0.0 0.0 0.0 1.0
2.132881834 0.42071484375 0.0 0.0 0.0 0.0 0.0 1.0
2.142270546 0.422247395833 0.0 0.0 0.0 0.0 0.0 1.0
2.152733170 0.423947916667 0.0 0.0 0.0 0.0 0.0 1.0
2.162040930 0.425466145833 0.0 0.0 0.0 0.0 0.0 1.0
2.172467942 0.427161458333 0.0 0.0 0.0 0.0 0.0 1.0
2.182957217 0.428846354167 0.0 0.0 0.0 0.0 0.0 1.0
2.192331719 0.430393229167 0.0 0.0 0.0 0.0 0.0 1.0
2.202799064 0.432092447917 0.0 0.0 0.0 0.0 0.0 1.0
2.212178075 0.433623697917 0.0 0.0 0.0 0.0 0.0 1.0
2.222540330 0.435309895833 0.0 0.0 0.0 0.0 0.0 1.0
2.232865676 0.436990885417 0.0 0.0 0.0 0.0 0.0 1.0
2.242241623 0.438510416667 0.0 0.0 0.0 0.0 0.0 1.0
2.252573228 0.440197916667 0.0 0.0 0.0 0.0 0.0 1.0
2.261920170 0.441709635417 0.0 0.0 0.0 0.0 0.0 1.0
2.272321003 0.44340234375 0.0 0.0 0.0 0.0 0.0 1.0
2.282774613 0.4451015625 0.0 0.0 0.0 0.0 0.0 1.0
2.292285309 0.446653645833 0.0 0.0 0.0 0.0 0.0 1.0
2.302727936 0.448341145833 0.0 0.0 0.0 0.0 0.0 1.0
2.312060782 0.449872395833 0.0 0.0 0.0 0.0 0.0 1.0
2.322499680 0.45156640625 0.0 0.0 0.0 0.0 0.0 1.0
2.332964310 0.453265625 0.0 0.0 0.0 0.0 0.0 1.0
2.342476688 0.45479296875 0.0 0.0 0.0 0.0 0.0 1.0
2.352861838 0.45651171875 0.0 0.0 0.0 0.0 0.0 1.0
2.362267251 0.458036458333 0.0 0.0 0.0 0.0 0.0 1.0
2.372674286 0.4597265625 0.0 0.0 0.0 0.0 0.0 1.0
2.382068619 0.461255208333 0.0 0.0 0.0 0.0 0.0 1.0
2.392697117 0.462989583333 0.0 0.0 0.0 0.0 0.0 1.0
2.402062137 0.464518229167 0.0 0.0 0.0 0.0 0.0 1.0
2.412637848 0.4662109375 0.0 0.0 0.0 0.0 0.0 1.0
2.421861791 0.467727864583 0.0 0.0 0.0 0.0 0.0 1.0
2.432323586 0.4694296875 0.0 0.0 0.0 0.0 0.0 1.0
2.442715578 0.471125 0.0 0.0 0.0 0.0 0.0 1.0
2.452159403 0.472658854167 0.0 0.0 0.0 0.0 0.0 1.0
2.462596671 0.47434765625 0.0 0.0 0.0 0.0 0.0 1.0
2.471831860 0.47586328125 0.0 0.0 0.0 0.0 0.0 1.0
2.482243285 0.47755078125 0.0 0.0 0.0 0.0 0.0 1.0
2.492793948 0.479274739583 0.0 0.0 0.0 0.0 0.0 1.0
2.502122088 0.48079296875 0.0 0.0 0.0 0.0 0.0 1.0
2.512536302 0.482483072917 0.0 0.0 0.0 0.0 0.0 1.0
2.522905785 0.484161458333 0.0 0.0 0.0 0.0 0.0 1.0
2.532362438 0.485701822917 0.0 0.0 0.0 0.0 0.0 1.0
2.542702364 0.487391927083 0.0 0.0 0.0 0.0 0.0 1.0
2.552089771 0.488923177083 0.0 0.0 0.0 0.0 0.0 1.0
2.562547775 0.490609375 0.0 0.0 0.0 0.0 0.0 1.0
2.572914652 0.492307291667 0.0 0.0 0.0 0.0 0.0 1.0
2.582372874 0.49384375 0.0 0.0 0.0 0.0 0.0 1.0
2.592858170 0.495553385417 0.0 0.0 0.0 0.0 0.0 1.0
2.602326926 0.497084635417 0.0 0.0 0.0 0.0 0.0 1.0
2.612774355 0.49878515625 0.0 0.0 0.0 0.0 0.0 1.0
2.622211792 0.500321614583 0.0 0.0 0.0 0.0 0.0 1.0
2.632560822 0.502013020833 0.0 0.0 0.0 0.0 0.0 1.0
2.641923918 0.503532552083 0.0 0.0 0.0 0.0 0.0 1.0
2.652387778 0.505229166667 0.0 0.0 0.0 0.0 0.0 1.0
2.662813958 0.506920572917 0.0 0.0 0.0 0.0 0.0 1.0
2.672239500 0.508463541667 0.0 0.0 0.0 0.0 0.0 1.0
2.682706961 0.510153645833 0.0 0.0 0.0 0.0 0.0 1.0
2.692227746 0.511716145833 0.0 0.0 0.0 0.0 0.0 1.0
2.702545060 0.513393229167 0.0 0.0 0.0 0.0 0.0 1.0
2.712898567 0.515084635417 0.0 0.0 0.0 0.0 0.0 1.0
2.722278737 0.516606770833 0.0 0.0 0.0 0.0 0.0 1.0
2.732626366 0.518294270833 0.0 0.0 0.0 0.0 0.0 1.0
2.742033911 0.51981640625 0.0 0.0 0.0 0.0 0.0 1.0
2.752305313 0.52149609375 0.0 0.0 0.0 0.0 0.0 1.0
2.762770453 0.5231875 0.0 0.0 0.0 0.0 0.0 1.0
2.772210853 0.524720052083 0.0 0.0 0.0 0.0 0.0 1.0
2.782567680 0.526415364583 0.0 0.0 0.0 0.0 0.0 1.0
2.792077699 0.527966145833 0.0 0.0 0.0 0.0 0.0 1.0
2.802571004 0.529665364583 0.0 0.0 0.0 0.0 0.0 1.0
2.811952030 0.53119140625 0.0 0.0 0.0 0.0 0.0 1.0
2.822392687 0.53288671875 0.0 0.0 0.0 0.0 0.0 1.0
2.832849353 0.534591145833 0.0 0.0 0.0 0.0 0.0 1.0
2.842247225 0.536122395833 0.0 0.0 0.0 0.0 0.0 1.0
2.852661040 0.537809895833 0.0 0.0 0.0 0.0 0.0 1.0
2.862127340 0.539346354167 0.0 0.0 0.0 0.0 0.0 1.0
2.872546865 0.541053385417 0.0 0.0 0.0 0.0 0.0 1.0
2.881906629 0.542569010417 0.0 0.0 0.0 0.0 0.0 1.0
2.892305814 0.544270833333 0.0 0.0 0.0 0.0 0.0 1.0
2.902731641 0.545959635417 0.0 0.0 0.0 0.0 0.0 1.0
2.912154805 0.547489583333 0.0 0.0 0.0 0.0 0.0 1.0
2.922436324 0.549171875 0.0 0.0 0.0 0.0 0.0 1.0
2.932808191 0.550856770833 0.0 0.0 0.0 0.0 0.0 1.0
2.942169254 0.552373697917 0.0 0.0 0.0 0.0 0.0 1.0
2.952541662 0.554069010417 0.0 0.0 0.0 0.0 0.0 1.0
2.961891971 0.55558203125 0.0 0.0 0.0 0.0 0.0 1.0
2.972297763 0.557276041667 0.0 0.0 0.0 0.0 0.0 1.0
2.982668343 0.558966145833 0.0 0.0 0.0 0.0 0.0 1.0
2.992174920 0.5605078125 0.0 0.0 0.0 0.0 0.0 1.0
3.002540936 0.562200520833 0.0 0.0 0.0 0.0 0.0 1.0
3.011887497 0.56371484375 0.0 0.0 0.0 0.0 0.0 1.0
3.022256141 0.565403645833 0.0 0.0 0.0 0.0 0.0 1.0
3.032691324 0.5671015625 0.0 0.0 0.0 0.0 0.0 1.0
3.042037801 0.568626302083 0.0 0.0 0.0 0.0 0.0 1.0
3.052480368 0.5703203125 0.0 0.0 0.0 0.0 0.0 1.0
3.062891164 0.57201171875 0.0 0.0 0.0 0.0 0.0 1.0
3.072306412 0.573546875 0.0 0.0 0.0 0.0 0.0 1.0
3.082681849 0.575236979167 0.0 0.0 0.0 0.0 0.0 1.0
3.092235779 0.576790364583 0.0 0.0 0.0 0.0 0.0 1.0
3.102711757 0.578484375 0.0 0.0 0.0 0.0 0.0 1.0
3.112076882 0.580016927083 0.0 0.0 0.0 0.0 0.0 1.0
3.122488587 0.581713541667 0.0 0.0 0.0 0.0 0.0 1.0
3.132927722 0.58341015625 0.0 0.0 0.0 0.0 0.0 1.0
3.142351994 0.5849453125 0.0 0.0 0.0 0.0 0.0 1.0
3.152782700 0.58663671875 0.0 0.0 0.0 0.0 0.0 1.0
3.162189051 0.58816796875 0.0 0.0 0.0 0.0 0.0 1.0
3.172531470 0.589858072917 0.0 0.0 0.0 0.0 0.0 1.0
3.181852191 0.591376302083 0.0 0.0 0.0 0.0 0.0 1.0
3.192452516 0.593092447917 0.0 0.0 0.0 0.0 0.0 1.0
3.202873099 0.5947890625 0.0 0.0 0.0 0.0 0.0 1.0
3.212537040 0.59635546875 0.0 0.0 0.0 0.0 0.0 1.0
3.222883609 0.598049479167 0.0 0.0 0.0 0.0 0.0 1.0
3.232380459 0.5995859375 0.0 0.0 0.0 0.0 0.0 1.0
3.242699316 0.601272135417 0.0 0.0 0.0 0.0 0.0 1.0
3.252141734 0.602803385417 0.0 0.0 0.0 0.0 0.0 1.0
3.262537610 0.6045 0.0 0.0 0.0 0.0 0.0 1.0
3.271813373 0.60601171875 0.0 0.0 0.0 0.0 0.0 1.0
3.282252094 0.607701822917 0.0 0.0 0.0 0.0 0.0 1.0
3.292806738 0.609421875 0.0 0.0 0.0 0.0 0.0 1.0
3.302294838 0.610953125 0.0 0.0 0.0 0.0 0.0 1.0
3.312686679 0.612657552083 0.0 0.0 0.0 0.0 0.0 1.0
3.321998196 0.614174479167 0.0 0.0 0.0 0.0 0.0 1.0
3.332427057 0.615864583333 0.0 0.0 0.0 0.0 0.0 1.0
3.342786726 0.617546875 0.0 0.0 0.0 0.0 0.0 1.0
3.352202934 0.619075520833 0.0 0.0 0.0 0.0 0.0 1.0
3.362462733 0.62076171875 0.0 0.0 0.0 0.0 0.0 1.0
3.372927345 0.622454427083 0.0 0.0 0.0 0.0 0.0 1.0
3.382263372 0.623979166667 0.0 0.0 0.0 0.0 0.0 1.0
3.392776216 0.62568359375 0.0 0.0 0.0 0.0 0.0 1.0
3.402255684 0.627220052083 0.0 0.0 0.0 0.0 0.0 1.0
3.412702841 0.628919270833 0.0 0.0 0.0 0.0 0.0 1.0
3.422043465 0.630442708333 0.0 0.0 0.0 0.0 0.0 1.0
3.432488195 0.632147135417 0.0 0.0 0.0 0.0 0.0 1.0
3.443015401 0.633838541667 0.0 0.0 0.0 0.0 0.0 1.0
3.452231919 0.63536328125 0.0 0.0 0.0 0.0 0.0 1.0
3.462623897 0.637052083333 0.0 0.0 0.0 0.0 0.0 1.0
3.472034392 0.638575520833 0.0 0.0 0.0 0.0 0.0 1.0
3.482530105 0.640270833333 0.0 0.0 0.0 0.0 0.0 1.0
3.493072343 0.642001302083 0.0 0.0 0.0 0.0 0.0 1.0
3.502533123 0.6435390625 0.0 0.0 0.0 0.0 0.0 1.0
3.511924216 0.64505859375 0.0 0.0 0.0 0.0 0.0 1.0
3.522227735 0.646751302083 0.0 0.0 0.0 0.0 0.0 1.0
3.532674044 0.648438802083 0.0 0.0 0.0 0.0 0.0 1.0
3.542080008 0.64996484375 0.0 0.0 0.0 0.0 0.0 1.0
3.552509547 0.6516640625 0.0 0.0 0.0 0.0 0.0 1.0
3.562785147 0.653348958333 0.0 0.0 0.0 0.0 0.0 1.0
3.572346805 0.654881510417 0.0 0.0 0.0 0.0 0.0 1.0
3.582721616 0.656583333333 0.0 0.0 0.0 0.0 0.0 1.0
3.592252461 0.6581328125 0.0 0.0 0.0 0.0 0.0 1.0
3.602699160 0.659834635417 0.0 0.0 0.0 0.0 0.0 1.0
3.612252621 0.661368489583 0.0 0.0 0.0 0.0 0.0 1.0
3.622553446 0.6630625 0.0 0.0 0.0 0.0 0.0 1.0
3.631900572 0.664584635417 0.0 0.0 0.0 0.0 0.0 1.0
3.642321475 0.666283854167 0.0 0.0 0.0 0.0 0.0 1.0
3.652824864 0.667979166667 0.0 0.0 0.0 0.0 0.0 1.0
3.662169948 0.669510416667 0.0 0.0 0.0 0.0 0.0 1.0
3.672592343 0.671200520833 0.0 0.0 0.0 0.0 0.0 1.0
3.681862260 0.672720052083 0.0 0.0 0.0 0.0 0.0 1.0
3.692397618 0.674424479167 0.0 0.0 0.0 0.0 0.0 1.0
3.702738523 0.676114583333 0.0 0.0 0.0 0.0 0.0 1.0
3.712209290 0.677649739583 0.0 0.0 0.0 0.0 0.0 1.0
3.722658833 0.679350260417 0.0 0.0 0.0 0.0 0.0 1.0
3.732083516 0.680880208333 0.0 0.0 0.0 0.0 0.0 1.0
3.742497820 0.682578125 0.0 0.0 0.0 0.0 0.0 1.0
3.751927590 0.684106770833 0.0 0.0 0.0 0.0 0.0 1.0
3.762498278 0.685833333333 0.0 0.0 0.0 0.0 0.0 1.0
3.772904814 0.68752734375 0.0 0.0 0.0 0.0 0.0 1.0
3.782393211 0.689052083333 0.0 0.0 0.0 0.0 0.0 1.0
3.792855047 0.690763020833 0.0 0.0 0.0 0.0 0.0 1.0
3.802278097 0.692303385417 0.0 0.0 0.0 0.0 0.0 1.0
3.812683117 0.693998697917 0.0 0.0 0.0 0.0 0.0 1.0
3.822177555 0.695532552083 0.0 0.0 0.0 0.0 0.0 1.0
3.832509938 0.697225260417 0.0 0.0 0.0 0.0 0.0 1.0
3.842858017 0.69891015625 0.0 0.0 0.0 0.0 0.0 1.0
3.852316744 0.700444010417 0.0 0.0 0.0 0.0 0.0 1.0
3.862708763 0.702131510417 0.0 0.0 0.0 0.0 0.0 1.0
3.871996414 0.7036484375 0.0 0.0 0.0 0.0 0.0 1.0
3.882428093 0.705330729167 0.0 0.0 0.0 0.0 0.0 1.0
3.892876124 0.7070390625 0.0 0.0 0.0 0.0 0.0 1.0
3.902282140 0.70856640625 0.0 0.0 0.0 0.0 0.0 1.0
3.912722453 0.710265625 0.0 0.0 0.0 0.0 0.0 1.0
3.922128578 0.711796875 0.0 0.0 0.0 0.0 0.0 1.0
3.932495705 0.713486979167 0.0 0.0 0.0 0.0 0.0 1.0
3.942859322 0.715173177083 0.0 0.0 0.0 0.0 0.0 1.0
3.952322779 0.716708333333 0.0 0.0 0.0 0.0 0.0 1.0
3.962840373 0.71840625 0.0 0.0 0.0 0.0 0.0 1.0
3.972316652 0.719947916667 0.0 0.0 0.0 0.0 0.0 1.0
3.982652887 0.721641927083 0.0 0.0 0.0 0.0 0.0 1.0
3.992112309 0.723182291667 0.0 0.0 0.0 0.0 0.0 1.0
4.002437425 0.72487109375 0.0 0.0 0.0 0.0 0.0 1.0
4.012827143 0.726553385417 0.0 0.0 0.0 0.0 0.0 1.0
4.022248786 0.7280859375 0.0 0.0 0.0 0.0 0.0 1.0
4.032598246 0.729770833333 0.0 0.0 0.0 0.0 0.0 1.0
4.041889243 0.73128515625 0.0 0.0 0.0 0.0 0.0 1.0
4.052357623 0.732979166667 0.0 0.0 0.0 0.0 0.0 1.0
4.062788406 0.734680989583 0.0 0.0 0.0 0.0 0.0 1.0
4.072206192 0.736212239583 0.0 0.0 0.0 0.0 0.0 1.0
4.082636467 0.737908854167 0.0 0.0 0.0 0.0 0.0 1.0
4.092200241 0.739462239583 0.0 0.0 0.0 0.0 0.0 1.0
4.102564841 0.741154947917 0.0 0.0 0.0 0.0 0.0 1.0
4.111932531 0.742673177083 0.0 0.0 0.0 0.0 0.0 1.0
4.122385031 0.744376302083 0.0 0.0 0.0 0.0 0.0 1.0
4.132807068 0.746079427083 0.0 0.0 0.0 0.0 0.0 1.0
4.142178379 0.747604166667 0.0 0.0 0.0 0.0 0.0 1.0
4.152668939 0.749303385417 0.0 0.0 0.0 0.0 0.0 1.0
4.162004542 0.750830729167 0.0 0.0 0.0 0.0 0.0 1.0
4.172430573 0.752518229167 0.0 0.0 0.0 0.0 0.0 1.0
4.182850206 0.754212239583 0.0 0.0 0.0 0.0 0.0 1.0
4.192469294 0.755776041667 0.0 0.0 0.0 0.0 0.0 1.0
4.202892758 0.757475260417 0.0 0.0 0.0 0.0 0.0 1.0
4.212333304 0.7590078125 0.0 0.0 0.0 0.0 0.0 1.0
4.222810527 0.76070703125 0.0 0.0 0.0 0.0 0.0 1.0
4.232203125 0.76223828125 0.0 0.0 0.0 0.0 0.0 1.0
4.242659877 0.763938802083 0.0 0.0 0.0 0.0 0.0 1.0
4.252105547 0.76547265625 0.0 0.0 0.0 0.0 0.0 1.0
4.262458413 0.76716015625 0.0 0.0 0.0 0.0 0.0 1.0
4.272765765 0.7688515625 0.0 0.0 0.0 0.0 0.0 1.0
4.282143829 0.770369791667 0.0 0.0 0.0 0.0 0.0 1.0
4.292776644 0.772092447917 0.0 0.0 0.0 0.0 0.0 1.0
4.302167271 0.773626302083 0.0 0.0 0.0 0.0 0.0 1.0
4.312572658 0.77531640625 0.0 0.0 0.0 0.0 0.0 1.0
4.321916977 0.776837239583 0.0 0.0 0.0 0.0 0.0 1.0
4.332380627 0.778533854167 0.0 0.0 0.0 0.0 0.0 1.0
4.342771651 0.780225260417 0.0 0.0 0.0 0.0 0.0 1.0
4.352171574 0.78176171875 0.0 0.0 0.0 0.0 0.0 1.0
4.362541942 0.78344921875 0.0 0.0 0.0 0.0 0.0 1.0
4.372934522 0.785135416667 0.0 0.0 0.0 0.0 0.0 1.0
4.382413120 0.786677083333 0.0 0.0 0.0 0.0 0.0 1.0
4.392923948 0.78839453125 0.0 0.0 0.0 0.0 0.0 1.0
4.402306015 0.789915364583 0.0 0.0 0.0 0.0 0.0 1.0
4.412804064 0.791604166667 0.0 0.0 0.0 0.0 0.0 1.0
4.422087174 0.7931328125 0.0 0.0 0.0 0.0 0.0 1.0
4.432458289 0.7948203125 0.0 0.0 0.0 0.0 0.0 1.0
4.442857381 0.79651171875 0.0 0.0 0.0 0.0 0.0 1.0
4.452308512 0.798052083333 0.0 0.0 0.0 0.0 0.0 1.0
4.462757539 0.799747395833 0.0 0.0 0.0 0.0 0.0 1.0
4.472213736 0.801286458333 0.0 0.0 0.0 0.0 0.0 1.0
4.482629983 0.802983072917 0.0 0.0 0.0 0.0 0.0 1.0
4.492199274 0.804540364583 0.0 0.0 0.0 0.0 0.0 1.0
4.502592847 0.80623046875 0.0 0.0 0.0 0.0 0.0 1.0
4.511920077 0.807747395833 0.0 0.0 0.0 0.0 0.0 1.0
4.522302570 0.809438802083 0.0 0.0 0.0 0.0 0.0 1.0
4.532760418 0.811135416667 0.0 0.0 0.0 0.0 0.0 1.0
4.542250230 0.812670572917 0.0 0.0 0.0 0.0 0.0 1.0
4.552556206 0.814364583333 0.0 0.0 0.0 0.0 0.0 1.0
4.561918739 0.8158828125 0.0 0.0 0.0 0.0 0.0 1.0
4.572352489 0.817583333333 0.0 0.0 0.0 0.0 0.0 1.0
4.582748771 0.819270833333 0.0 0.0 0.0 0.0 0.0 1.0
4.592303849 0.820821614583 0.0 0.0 0.0 0.0 0.0 1.0
4.602776896 0.822522135417 0.0 0.0 0.0 0.0 0.0 1.0
4.612162141 0.824061197917 0.0 0.0 0.0 0.0 0.0 1.0
4.622610605 0.825759114583 0.0 0.0 0.0 0.0 0.0 1.0
4.632016190 0.827286458333 0.0 0.0 0.0 0.0 0.0 1.0
4.642492616 0.828997395833 0.0 0.0 0.0 0.0 0.0 1.0
4.651850430 0.830514322917 0.0 0.0 0.0 0.0 0.0 1.0
4.662250201 0.832213541667 0.0 0.0 0.0 0.0 0.0 1.0
4.672617738 0.8338984375 0.0 0.0 0.0 0.0 0.0 1.0
4.682230876 0.835447916667 0.0 0.0 0.0 0.0 0.0 1.0
4.692739258 0.8371640625 0.0 0.0 0.0 0.0 0.0 1.0
4.702073878 0.83869140625 0.0 0.0 0.0 0.0 0.0 1.0
4.712543942 0.840381510417 0.0 0.0 0.0 0.0 0.0 1.0
4.722880787 0.842071614583 0.0 0.0 0.0 0.0 0.0 1.0
4.732380352 0.843608072917 0.0 0.0 0.0 0.0 0.0 1.0
4.742796620 0.845309895833 0.0 0.0 0.0 0.0 0.0 1.0
4.752141720 0.846829427083 0.0 0.0 0.0 0.0 0.0 1.0
4.762471213 0.848516927083 0.0 0.0 0.0 0.0 0.0 1.0
4.772898824 0.850204427083 0.0 0.0 0.0 0.0 0.0 1.0
4.782309243 0.851736979167 0.0 0.0 0.0 0.0 0.0 1.0
4.792787032 0.853444010417 0.0 0.0 0.0 0.0 0.0 1.0
4.802152276 0.85496875 0.0 0.0 0.0 0.0 0.0 1.0
4.812584108 0.85666015625 0.0 0.0 0.0 0.0 0.0 1.0
4.821899736 0.858173177083 0.0 0.0 0.0 0.0 0.0 1.0
4.832260981 0.85986328125 0.0 0.0 0.0 0.0 0.0 1.0
4.842582532 0.861546875 0.0 0.0 0.0 0.0 0.0 1.0
4.851944189 0.863063802083 0.0 0.0 0.0 0.0 0.0 1.0
4.862497982 0.86475 0.0 0.0 0.0 0.0 0.0 1.0
4.872881466 0.866470052083 0.0 0.0 0.0 0.0 0.0 1.0
4.882284595 0.868005208333 0.0 0.0 0.0 0.0 0.0 1.0
4.892728204 0.869705729167 0.0 0.0 0.0 0.0 0.0 1.0
4.902172150 0.871235677083 0.0 0.0 0.0 0.0 0.0 1.0
4.912520844 0.872921875 0.0 0.0 0.0 0.0 0.0 1.0
4.922920049 0.874609375 0.0 0.0 0.0 0.0 0.0 1.0
4.932320545 0.876139322917 0.0 0.0 0.0 0.0 0.0 1.0
4.942609102 0.877822916667 0.0 0.0 0.0 0.0 0.0 1.0
4.951995713 0.879341145833 0.0 0.0 0.0 0.0 0.0 1.0
4.962465750 0.88104296875 0.0 0.0 0.0 0.0 0.0 1.0
4.972894387 0.882744791667 0.0 0.0 0.0 0.0 0.0 1.0
4.982301450 0.884268229167 0.0 0.0 0.0 0.0 0.0 1.0
4.991981767 0.885854166667 0.0 0.0 0.0 0.0 0.0 1.0
5.002346976 0.887536458333 0.0 0.0 0.0 0.0 0.0 1.0
5.012778328 0.88923046875 0.0 0.0 0.0 0.0 0.0 1.0
5.022178596 0.890764322917 0.0 0.0 0.0 0.0 0.0 1.0
5.032455377 0.892444010417 0.0 0.0 0.0 0.0 0.0 1.0
5.042954216 0.894135416667 0.0 0.0 0.0 0.0 0.0 1.0
5.052368306 0.895670572917 0.0 0.0 0.0 0.0 0.0 1.0
5.062817369 0.89736328125 0.0 0.0 0.0 0.0 0.0 1.0
5.072235044 0.898897135417 0.0 0.0 0.0 0.0 0.0 1.0
5.082611163 0.900588541667 0.0 0.0 0.0 0.0 0.0 1.0
5.092184984 0.902143229167 0.0 0.0 0.0 0.0 0.0 1.0
5.102519067 0.903828125 0.0 0.0 0.0 0.0 0.0 1.0
5.112843610 0.905513020833 0.0 0.0 0.0 0.0 0.0 1.0
5.122269223 0.907044270833 0.0 0.0 0.0 0.0 0.0 1.0
5.132772241 0.908740885417 0.0 0.0 0.0 0.0 0.0 1.0
5.142178612 0.9102734375 0.0 0.0 0.0 0.0 0.0 1.0
5.152576774 0.91196875 0.0 0.0 0.0 0.0 0.0 1.0
5.161883440 0.913484375 0.0 0.0 0.0 0.0 0.0 1.0
5.172306113 0.91517578125 0.0 0.0 0.0 0.0 0.0 1.0
5.182761593 0.916877604167 0.0 0.0 0.0 0.0 0.0 1.0
5.192544789 0.91844140625 0.0 0.0 0.0 0.0 0.0 1.0
5.202872807 0.920154947917 0.0 0.0 0.0 0.0 0.0 1.0
5.212256460 0.921682291667 0.0 0.0 0.0 0.0 0.0 1.0
5.222608957 0.923364583333 0.0 0.0 0.0 0.0 0.0 1.0
5.231981465 0.924893229167 0.0 0.0 0.0 0.0 0.0 1.0
5.242369856 0.926578125 0.0 0.0 0.0 0.0 0.0 1.0
5.252819753 0.92828125 0.0 0.0 0.0 0.0 0.0 1.0
5.262189469 0.92980859375 0.0 0.0 0.0 0.0 0.0 1.0
5.272592592 0.931497395833 0.0 0.0 0.0 0.0 0.0 1.0
5.282055102 0.933010416667 0.0 0.0 0.0 0.0 0.0 1.0
5.292333782 0.93471484375 0.0 0.0 0.0 0.0 0.0 1.0
5.302748922 0.936397135417 0.0 0.0 0.0 0.0 0.0 1.0
5.312147627 0.9379296875 0.0 0.0 0.0 0.0 0.0 1.0
5.322462360 0.939614583333 0.0 0.0 0.0 0.0 0.0 1.0
5.332786516 0.94129296875 0.0 0.0 0.0 0.0 0.0 1.0
5.342414082 0.942817708333 0.0 0.0 0.0 0.0 0.0 1.0
5.352767424 0.9445390625 0.0 0.0 0.0 0.0 0.0 1.0
5.362193815 0.946079427083 0.0 0.0 0.0 0.0 0.0 1.0
5.372623280 0.947768229167 0.0 0.0 0.0 0.0 0.0 1.0
5.381938159 0.94929296875 0.0 0.0 0.0 0.0 0.0 1.0
5.392500376 0.950997395833 0.0 0.0 0.0 0.0 0.0 1.0
5.402833748 0.95269140625 0.0 0.0 0.0 0.0 0.0 1.0
5.412173651 0.954213541667 0.0 0.0 0.0 0.0 0.0 1.0
5.422524205 0.955897135417 0.0 0.0 0.0 0.0 0.0 1.0
5.431890634 0.957411458333 0.0 0.0 0.0 0.0 0.0 1.0
5.442227069 0.95909765625 0.0 0.0 0.0 0.0 0.0 1.0
5.452621748 0.960782552083 0.0 0.0 0.0 0.0 0.0 1.0
5.461996624 0.962311197917 0.0 0.0 0.0 0.0 0.0 1.0
5.472438392 0.96400390625 0.0 0.0 0.0 0.0 0.0 1.0
5.482832825 0.965697916667 0.0 0.0 0.0 0.0 0.0 1.0
5.492296450 0.967244791667 0.0 0.0 0.0 0.0 0.0 1.0
5.502677094 0.968928385417 0.0 0.0 0.0 0.0 0.0 1.0
5.512226615 0.970453125 0.0 0.0 0.0 0.0 0.0 1.0
5.522566157 0.97216015625 0.0 0.0 0.0 0.0 0.0 1.0
5.531877362 0.973677083333 0.0 0.0 0.0 0.0 0.0 1.0
5.542337472 0.975376302083 0.0 0.0 0.0 0.0 0.0 1.0
5.552718011 0.977072916667 0.0 0.0 0.0 0.0 0.0 1.0
5.562155085 0.978598958333 0.0 0.0 0.0 0.0 0.0 1.0
5.572468040 0.980290364583 0.0 0.0 0.0 0.0 0.0 1.0
5.582888489 0.981977864583 0.0 0.0 0.0 0.0 0.0 1.0
5.592427401 0.98353125 0.0 0.0 0.0 0.0 0.0 1.0
5.602896897 0.985231770833 0.0 0.0 0.0 0.0 0.0 1.0
5.612338123 0.986764322917 0.0 0.0 0.0 0.0 0.0 1.0
5.622713697 0.9884609375 0.0 0.0 0.0 0.0 0.0 1.0
5.632042086 0.98998046875 0.0 0.0 0.0 0.0 0.0 1.0
5.642398005 0.991666666667 0.0 0.0 0.0 0.0 0.0 1.0
5.652864619 0.993359375 0.0 0.0 0.0 0.0 0.0 1.0
5.662266470 0.99488671875 0.0 0.0 0.0 0.0 0.0 1.0
5.672609659 0.996571614583 0.0 0.0 0.0 0.0 0.0 1.0
5.681900867 0.9980859375 0.0 0.0 0.0 0.0 0.0 1.0
5.692374380 0.999794270833 0.0 0.0 0.0 0.0 0.0 1.0
5.702833991 1.00148828125 0.0 0.0 0.0 0.0 0.0 1.0
5.712278464 1.0030234375 0.0 0.0 0.0 0.0 0.0 1.0
5.722575658 1.00470963542 0.0 0.0 0.0 0.0 0.0 1.0
5.732084038 1.006234375 0.0 0.0 0.0 0.0 0.0 1.0
5.742495740 1.00794921875 0.0 0.0 0.0 0.0 0.0 1.0
5.752940711 1.00963932292 0.0 0.0 0.0 0.0 0.0 1.0
5.762252808 1.01116666667 0.0 0.0 0.0 0.0 0.0 1.0
5.772636065 1.01284895833 0.0 0.0 0.0 0.0 0.0 1.0
5.782075357 1.01438671875 0.0 0.0 0.0 0.0 0.0 1.0
5.792722009 1.01610286458 0.0 0.0 0.0 0.0 0.0 1.0
5.802074999 1.01763932292 0.0 0.0 0.0 0.0 0.0 1.0
5.812487596 1.01932161458 0.0 0.0 0.0 0.0 0.0 1.0
5.822892117 1.02101692708 0.0 0.0 0.0 0.0 0.0 1.0
5.832287522 1.02254817708 0.0 0.0 0.0 0.0 0.0 1.0
5.842643616 1.02423828125 0.0 0.0 0.0 0.0 0.0 1.0
5.852024643 1.02576302083 0.0 0.0 0.0 0.0 0.0 1.0
5.862355760 1.02744921875 0.0 0.0 0.0 0.0 0.0 1.0
5.872855218 1.02914453125 0.0 0.0 0.0 0.0 0.0 1.0
5.882327908 1.03068489583 0.0 0.0 0.0 0.0 0.0 1.0
5.892879460 1.03240234375 0.0 0.0 0.0 0.0 0.0 1.0
5.902266971 1.03393489583 0.0 0.0 0.0 0.0 0.0 1.0
5.912767229 1.035625 0.0 0.0 0.0 0.0 0.0 1.0
5.922182937 1.03717447917 0.0 0.0 0.0 0.0 0.0 1.0
5.932619495 1.03887109375 0.0 0.0 0.0 0.0 0.0 1.0
5.942040672 1.04040494792 0.0 0.0 0.0 0.0 0.0 1.0
5.952453120 1.04209635417 0.0 0.0 0.0 0.0 0.0 1.0
5.962828999 1.04379036458 0.0 0.0 0.0 0.0 0.0 1.0
5.972216716 1.04532291667 0.0 0.0 0.0 0.0 0.0 1.0
5.982762385 1.04701432292 0.0 0.0 0.0 0.0 0.0 1.0
5.992292761 1.04857942708 0.0 0.0 0.0 0.0 0.0 1.0
6.002765369 1.05027604167 0.0 0.0 0.0 0.0 0.0 1.0
6.012109126 1.0518046875 0.0 0.0 0.0 0.0 0.0 1.0
6.022529367 1.05349479167 0.0 0.0 0.0 0.0 0.0 1.0
6.031899276 1.05502083333 0.0 0.0 0.0 0.0 0.0 1.0
6.042314207 1.05671354167 0.0 0.0 0.0 0.0 0.0 1.0
6.052789379 1.05840885417 0.0 0.0 0.0 0.0 0.0 1.0
6.062079220 1.05994010417 0.0 0.0 0.0 0.0 0.0 1.0
6.072528421 1.06163541667 0.0 0.0 0.0 0.0 0.0 1.0
6.082947960 1.06332161458 0.0 0.0 0.0 0.0 0.0 1.0
6.092469712 1.06488020833 0.0 0.0 0.0 0.0 0.0 1.0
6.102853068 1.06656901042 0.0 0.0 0.0 0.0 0.0 1.0
6.112204555 1.06808984375 0.0 0.0 0.0 0.0 0.0 1.0
6.122572371 1.06977604167 0.0 0.0 0.0 0.0 0.0 1.0
6.131908335 1.0712890625 0.0 0.0 0.0 0.0 0.0 1.0
6.142275843 1.07297526042 0.0 0.0 0.0 0.0 0.0 1.0
6.152742435 1.07462369792 0.0 0.0 0.0 0.0 0.0 1.0
6.162141295 1.07607291667 0.0 0.0 0.0 0.0 0.0 1.0
6.172492581 1.07761848958 0.0 0.0 0.0 0.0 0.0 1.0
6.182928709 1.07910416667 0.0 0.0 0.0 0.0 0.0 1.0
6.192364661 1.08042447917 0.0 0.0 0.0 0.0 0.0 1.0
6.202806270 1.08181901042 0.0 0.0 0.0 0.0 0.0 1.0
6.212188687 1.08303255208 0.0 0.0 0.0 0.0 0.0 1.0
6.222634174 1.08433463542 0.0 0.0 0.0 0.0 0.0 1.0
6.231908042 1.08545572917 0.0 0.0 0.0 0.0 0.0 1.0
6.242343480 1.08665625 0.0 0.0 0.0 0.0 0.0 1.0
6.252740281 1.087796875 0.0 0.0 0.0 0.0 0.0 1.0
6.262132258 1.08879296875 0.0 0.0 0.0 0.0 0.0 1.0
6.272598578 1.08984635417 0.0 0.0 0.0 0.0 0.0 1.0
6.281894039 1.09074088542 0.0 0.0 0.0 0.0 0.0 1.0
6.292596332 1.09171614583 0.0 0.0 0.0 0.0 0.0 1.0
6.301830897 1.09252213542 0.0 0.0 0.0 0.0 0.0 1.0
6.312259788 1.09337109375 0.0 0.0 0.0 0.0 0.0 1.0
6.322637293 1.09417057292 0.0 0.0 0.0 0.0 0.0 1.0
6.332164936 1.09485416667 0.0 0.0 0.0 0.0 0.0 1.0
6.342467642 1.09555859375 0.0 0.0 0.0 0.0 0.0 1.0
6.352862262 1.09620442708 0.0 0.0 0.0 0.0 0.0 1.0
6.362198759 1.09674739583 0.0 0.0 0.0 0.0 0.0 1.0
6.372671153 1.09730078125 0.0 0.0 0.0 0.0 0.0 1.0
6.382052620 1.0977578125 0.0 0.0 0.0 0.0 0.0 1.0
6.392525584 1.09821614583 0.0 0.0 0.0 0.0 0.0 1.0
6.401911560 1.09857942708 0.0 0.0 0.0 0.0 0.0 1.0
6.412244088 1.09893489583 0.0 0.0 0.0 0.0 0.0 1.0
6.422728260 1.09924088542 0.0 0.0 0.0 0.0 0.0 1.0
6.432175042 1.09947395833 0.0 0.0 0.0 0.0 0.0 1.0
6.442677104 1.09968229167 0.0 0.0 0.0 0.0 0.0 1.0
6.452072588 1.09982552083 0.0 0.0 0.0 0.0 0.0 1.0
6.462499179 1.09993359375 0.0 0.0 0.0 0.0 0.0 1.0
6.472882884 1.09999088542 0.0 0.0 0.0 0.0 0.0 1.0
6.482383805 1.1 0.0 0.0 0.0 0.0 0.0 1.0
6.492994742 1.1 0.0 0.0 0.0 0.0 0.0 1.0
6.502469994 1.09998177083 0.0 0.0 0.0 0.0 0.0 1.0
6.512889867 1.09991015625 0.0 0.0 0.0 0.0 0.0 1.0
6.522339983 1.09979947917 0.0 0.0 0.0 0.0 0.0 1.0
6.532741339 1.09962890625 0.0 0.0 0.0 0.0 0.0 1.0
6.542148406 1.0994296875 0.0 0.0 0.0 0.0 0.0 1.0
